mobility	ccs	ccs_std	dft_energy
8730.494	182.4027	0.8911026	-1330.54546652261
